lab1 - erro 6mm

x1 = [247;213;171;267;253;224;212;265;250;228];
x2 = [478;438;408;530;520;486;475;532;516;492];
y1 = [70;73;73;190;202;198;209;200;193;210];
y2 = [192;195;196;308;323;317;331;322;312;326];


maizena2 - erro 1mm	

x1 = [182;177;519;233;263;242;460;463;280;226];
x2 = [171;182;401;332;359;355;428;418;356;315];
y1 = [302;239;190;325;337;270;240;299;365;362];
y2 = [181;92 ;82 ;190;201;126;115;172;233;232];

duas camaras - erro 0.3mm

x1 = [169;225;131;312;439;442;225;225;53;28];
x2 = [232;275;181;343;472;474;277;274;112;112];
y1 = [171;327;369;352;136;72;215;278;416;358];
y2 = [202;341;367;375;181;120;242;295;394;344];

two_cams_book - erro 1mm

x1 = [272;269;328;320;289;388;385;412;290;326];
x2 = [173;338;261;325;173;69;23;390;254;139];
y1 = [83;255;215;263;105;148;111;323;185;112];
y2 = [344;349;258;267;324;88;106;171;323;261];